"Rank"	"Count"	"Amount"	"FirstTwo"
1	160	-Rp120	11,00
2	111	-Rp140	13,00
3	108	-Rp30	29,00
4	88	-Rp240	23,00
5	86	-Rp359	35,00
6	78	-Rp994	99,00
7	74	-Rp479	47,00
8	67	-Rp599	59,00
9	60	-Rp150	15,00
10	60	-Rp839	83,00
11	54	-Rp35	34,00
12	52	-Rp719	71,00
13	44	-Rp280	27,00
14	44	-Rp899	89,00
15	42	-Rp105	10,00
16	39	-Rp958	95,00
17	37	-Rp100	99,00
18	37	-Rp419	41,00
19	32	-Rp132	13,00
20	30	-Rp152	15,00
21	27	-Rp160	15,00
22	27	-Rp559	55,00
23	26	-Rp70	69,00
24	26	-Rp699	69,00
25	26	-Rp1538	15,00
26	25	-Rp839	83,00
27	25	-Rp979	97,00
28	25	-Rp1078	10,00
29	24	-Rp1118	11,00
30	24	-Rp1198	11,00
31	23	-Rp20	20,00
32	23	-Rp90	89,00
33	23	-Rp320	31,00
34	22	-Rp479	47,00
35	21	-Rp799	79,00
36	20	-Rp300	30,00
37	20	-Rp639	63,00
38	19	-Rp1159	11,00
39	17	-Rp1258	12,00
40	16	-Rp264	26,00
41	15	-Rp108	10,00
42	15	-Rp610	61,00
43	15	-Rp1153	11,00
44	15	-Rp1398	13,00
45	15	-Rp1557	15,00
46	15	-Rp1678	16,00
47	14	-Rp395	39,00
48	13	-Rp100	10,00
49	13	-Rp110	11,00
50	13	-Rp934	93,00
51	13	-Rp959	95,00
52	13	-Rp1438	14,00
53	12	-Rp24	24,00
54	12	-Rp1318	13,00
55	12	-Rp1957	19,00
56	12	-Rp2037	20,00
57	11	-Rp180	17,00
58	11	-Rp200	19,00
59	11	-Rp270	26,00
60	11	-Rp304	30,00
61	11	-Rp2097	20,00
62	10	-Rp180	17,00
63	10	-Rp220	22,00
64	10	-Rp809	80,00
65	10	-Rp1797	17,00
66	9	-Rp60	59,00
67	9	-Rp1917	19,00
68	8	-Rp12	12,00
69	8	-Rp25	25,00
70	8	-Rp50	50,00
71	8	-Rp90	89,00
72	8	-Rp1049	10,00
73	8	-Rp1278	12,00
74	7	-Rp55	54,00
75	7	-Rp75	74,00
76	7	-Rp216	21,00
77	7	-Rp315	31,00
78	7	-Rp450	45,00
79	7	-Rp527	52,00
80	7	-Rp659	65,00
81	7	-Rp988	98,00
82	6	-Rp21	20,00
83	6	-Rp30	29,00
84	6	-Rp36	36,00
85	6	-Rp112	11,00
86	6	-Rp124	12,00
87	6	-Rp600	60,00
88	6	-Rp1677	16,00
89	6	-Rp1817	18,00
90	6	-Rp2237	22,00
91	5	-Rp17	17,00
92	5	-Rp128	12,00
93	5	-Rp128	12,00
94	5	-Rp323	32,00
95	5	-Rp330	33,00
96	5	-Rp449	44,00
97	5	-Rp928	92,00
98	5	-Rp1083	10,00
99	4	-Rp19	18,00
100	4	-Rp30	29,00
101	4	-Rp44	43,00
102	4	-Rp74	74,00
103	4	-Rp75	75,00
104	4	-Rp81	80,00
105	4	-Rp200	20,00
106	4	-Rp210	20,00
107	4	-Rp524	52,00
108	4	-Rp750	75,00
109	4	-Rp964	96,00
110	4	-Rp1119	11,00
111	3	-Rp10	10,00
112	3	-Rp12	12,00
113	3	-Rp25	24,00
114	3	-Rp27	26,00
115	3	-Rp28	27,00
116	3	-Rp32	31,00
117	3	-Rp33	33,00
118	3	-Rp35	35,00
119	3	-Rp36	35,00
120	3	-Rp37	36,00
121	3	-Rp48	47,00
122	3	-Rp60	59,00
123	3	-Rp65	65,00
124	3	-Rp72	72,00
125	3	-Rp74	74,00
126	3	-Rp78	77,00
127	3	-Rp81	80,00
128	3	-Rp86	85,00
129	3	-Rp90	90,00
130	3	-Rp102	10,00
131	3	-Rp104	10,00
132	3	-Rp105	10,00
133	3	-Rp120	12,00
134	3	-Rp150	14,00
135	3	-Rp180	18,00
136	3	-Rp222	22,00
137	3	-Rp250	25,00
138	3	-Rp304	30,00
139	3	-Rp310	30,00
140	3	-Rp323	32,00
141	3	-Rp500	50,00
142	3	-Rp539	53,00
143	3	-Rp629	62,00
144	3	-Rp791	79,00
145	3	-Rp869	86,00
146	3	-Rp1000	10,00
147	3	-Rp1598	15,00
148	2	-Rp11	10,00
149	2	-Rp12	11,00
150	2	-Rp12	12,00
151	2	-Rp13	13,00
152	2	-Rp13	13,00
153	2	-Rp15	15,00
154	2	-Rp16	15,00
155	2	-Rp16	15,00
156	2	-Rp17	16,00
157	2	-Rp17	17,00
158	2	-Rp18	17,00
159	2	-Rp19	19,00
160	2	-Rp20	20,00
161	2	-Rp21	20,00
162	2	-Rp21	20,00
163	2	-Rp21	21,00
164	2	-Rp22	21,00
165	2	-Rp22	22,00
166	2	-Rp23	22,00
167	2	-Rp24	24,00
168	2	-Rp25	25,00
169	2	-Rp25	25,00
170	2	-Rp25	25,00
171	2	-Rp26	25,00
172	2	-Rp27	26,00
173	2	-Rp28	27,00
174	2	-Rp32	31,00
175	2	-Rp32	31,00
176	2	-Rp32	32,00
177	2	-Rp33	32,00
178	2	-Rp34	34,00
179	2	-Rp37	37,00
180	2	-Rp39	38,00
181	2	-Rp42	42,00
182	2	-Rp44	43,00
183	2	-Rp44	43,00
184	2	-Rp45	44,00
185	2	-Rp48	48,00
186	2	-Rp48	48,00
187	2	-Rp48	48,00
188	2	-Rp51	50,00
189	2	-Rp51	51,00
190	2	-Rp51	51,00
191	2	-Rp52	51,00
192	2	-Rp54	53,00
193	2	-Rp57	57,00
194	2	-Rp58	57,00
195	2	-Rp58	58,00
196	2	-Rp59	58,00
197	2	-Rp59	59,00
198	2	-Rp60	60,00
199	2	-Rp60	60,00
200	2	-Rp60	60,00
201	2	-Rp64	64,00
202	2	-Rp66	66,00
203	2	-Rp67	66,00
204	2	-Rp69	68,00
205	2	-Rp70	69,00
206	2	-Rp70	69,00
207	2	-Rp70	70,00
208	2	-Rp72	72,00
209	2	-Rp75	74,00
210	2	-Rp75	75,00
211	2	-Rp80	80,00
212	2	-Rp81	81,00
213	2	-Rp84	83,00
214	2	-Rp84	84,00
215	2	-Rp85	85,00
216	2	-Rp86	85,00
217	2	-Rp89	88,00
218	2	-Rp90	89,00
219	2	-Rp93	93,00
220	2	-Rp99	98,00
221	2	-Rp101	10,00
222	2	-Rp105	10,00
223	2	-Rp106	10,00
224	2	-Rp106	10,00
225	2	-Rp108	10,00
226	2	-Rp114	11,00
227	2	-Rp121	12,00
228	2	-Rp121	12,00
229	2	-Rp124	12,00
230	2	-Rp135	13,00
231	2	-Rp135	13,00
232	2	-Rp138	13,00
233	2	-Rp144	14,00
234	2	-Rp150	15,00
235	2	-Rp150	15,00
236	2	-Rp153	15,00
237	2	-Rp161	16,00
238	2	-Rp164	16,00
239	2	-Rp164	16,00
240	2	-Rp175	17,00
241	2	-Rp175	17,00
242	2	-Rp176	17,00
243	2	-Rp177	17,00
244	2	-Rp180	18,00
245	2	-Rp195	19,00
246	2	-Rp206	20,00
247	2	-Rp210	21,00
248	2	-Rp224	22,00
249	2	-Rp224	22,00
250	2	-Rp225	22,00
251	2	-Rp225	22,00
252	2	-Rp233	23,00
253	2	-Rp237	23,00
254	2	-Rp238	23,00
255	2	-Rp252	25,00
256	2	-Rp269	26,00
257	2	-Rp272	27,00
258	2	-Rp299	29,00
259	2	-Rp302	30,00
260	2	-Rp318	31,00
261	2	-Rp340	34,00
262	2	-Rp359	35,00
263	2	-Rp367	36,00
264	2	-Rp376	37,00
265	2	-Rp403	40,00
266	2	-Rp420	41,00
267	2	-Rp426	42,00
268	2	-Rp440	44,00
269	2	-Rp455	45,00
270	2	-Rp499	49,00
271	2	-Rp516	51,00
272	2	-Rp536	53,00
273	2	-Rp595	59,00
274	2	-Rp601	60,00
275	2	-Rp611	61,00
276	2	-Rp629	62,00
277	2	-Rp630	63,00
278	2	-Rp646	64,00
279	2	-Rp654	65,00
280	2	-Rp689	68,00
281	2	-Rp690	69,00
282	2	-Rp693	69,00
283	2	-Rp714	71,00
284	2	-Rp734	73,00
285	2	-Rp749	74,00
286	2	-Rp750	75,00
287	2	-Rp754	75,00
288	2	-Rp800	80,00
289	2	-Rp866	86,00
290	2	-Rp900	90,00
291	2	-Rp911	91,00
292	2	-Rp920	91,00
293	2	-Rp920	92,00
294	2	-Rp1018	10,00
295	2	-Rp1124	11,00
296	2	-Rp1128	11,00
297	2	-Rp1168	11,00
298	2	-Rp1258	12,00
299	2	-Rp1318	13,00
300	2	-Rp1350	13,00
301	2	-Rp1438	14,00
302	2	-Rp1476	14,00
303	2	-Rp1800	18,00
304	2	-Rp2128	21,00
305	2	-Rp2356	23,00
306	2	-Rp2616	26,00
307	2	-Rp2735	27,00
308	2	-Rp3666	36,00
309	2	-Rp4472	44,00
310	2	-Rp5284	52,00
311	2	-Rp5973	59,00
312	2	-Rp7434	74,00
313	2	-Rp7921	79,00
314	2	-Rp9503	95,00
315	2	-Rp13024	13,00
316	2	-Rp18440	18,00
317	2	-Rp19625	19,00
318	2	-Rp19652	19,00
319	2	-Rp23701	23,00
320	2	-Rp27681	27,00
321	2	-Rp28657	28,00
322	1	-Rp10	10,00
323	1	-Rp10	10,00
324	1	-Rp10	10,00
325	1	-Rp10	10,00
326	1	-Rp11	10,00
327	1	-Rp11	10,00
328	1	-Rp11	10,00
329	1	-Rp11	10,00
330	1	-Rp11	10,00
331	1	-Rp11	10,00
332	1	-Rp11	11,00
333	1	-Rp11	11,00
334	1	-Rp11	11,00
335	1	-Rp11	11,00
336	1	-Rp11	11,00
337	1	-Rp11	11,00
338	1	-Rp12	11,00
339	1	-Rp12	11,00
340	1	-Rp12	11,00
341	1	-Rp12	12,00
342	1	-Rp12	12,00
343	1	-Rp12	12,00
344	1	-Rp12	12,00
345	1	-Rp12	12,00
346	1	-Rp13	12,00
347	1	-Rp13	12,00
348	1	-Rp13	12,00
349	1	-Rp13	13,00
350	1	-Rp13	13,00
351	1	-Rp13	13,00
352	1	-Rp13	13,00
353	1	-Rp13	13,00
354	1	-Rp13	13,00
355	1	-Rp14	13,00
356	1	-Rp14	13,00
357	1	-Rp14	13,00
358	1	-Rp14	13,00
359	1	-Rp14	13,00
360	1	-Rp14	13,00
361	1	-Rp14	14,00
362	1	-Rp14	14,00
363	1	-Rp14	14,00
364	1	-Rp14	14,00
365	1	-Rp15	14,00
366	1	-Rp15	14,00
367	1	-Rp15	15,00
368	1	-Rp15	15,00
369	1	-Rp15	15,00
370	1	-Rp16	15,00
371	1	-Rp16	15,00
372	1	-Rp16	15,00
373	1	-Rp16	16,00
374	1	-Rp16	16,00
375	1	-Rp16	16,00
376	1	-Rp16	16,00
377	1	-Rp16	16,00
378	1	-Rp16	16,00
379	1	-Rp17	16,00
380	1	-Rp17	16,00
381	1	-Rp17	16,00
382	1	-Rp17	16,00
383	1	-Rp17	16,00
384	1	-Rp17	16,00
385	1	-Rp17	17,00
386	1	-Rp17	17,00
387	1	-Rp17	17,00
388	1	-Rp17	17,00
389	1	-Rp18	17,00
390	1	-Rp18	17,00
391	1	-Rp18	17,00
392	1	-Rp18	17,00
393	1	-Rp18	18,00
394	1	-Rp18	18,00
395	1	-Rp18	18,00
396	1	-Rp18	18,00
397	1	-Rp18	18,00
398	1	-Rp18	18,00
399	1	-Rp18	18,00
400	1	-Rp19	18,00
401	1	-Rp19	18,00
402	1	-Rp19	18,00
403	1	-Rp19	18,00
404	1	-Rp19	19,00
405	1	-Rp19	19,00
406	1	-Rp19	19,00
407	1	-Rp19	19,00
408	1	-Rp19	19,00
409	1	-Rp19	19,00
410	1	-Rp19	19,00
411	1	-Rp20	19,00
412	1	-Rp20	20,00
413	1	-Rp20	20,00
414	1	-Rp21	20,00
415	1	-Rp21	20,00
416	1	-Rp21	21,00
417	1	-Rp21	21,00
418	1	-Rp21	21,00
419	1	-Rp21	21,00
420	1	-Rp21	21,00
421	1	-Rp22	21,00
422	1	-Rp22	21,00
423	1	-Rp22	21,00
424	1	-Rp22	21,00
425	1	-Rp22	22,00
426	1	-Rp22	22,00
427	1	-Rp22	22,00
428	1	-Rp22	22,00
429	1	-Rp23	22,00
430	1	-Rp23	22,00
431	1	-Rp23	22,00
432	1	-Rp23	23,00
433	1	-Rp23	23,00
434	1	-Rp23	23,00
435	1	-Rp24	23,00
436	1	-Rp24	23,00
437	1	-Rp24	23,00
438	1	-Rp24	23,00
439	1	-Rp24	23,00
440	1	-Rp24	23,00
441	1	-Rp24	24,00
442	1	-Rp24	24,00
443	1	-Rp24	24,00
444	1	-Rp25	24,00
445	1	-Rp25	24,00
446	1	-Rp25	24,00
447	1	-Rp25	24,00
448	1	-Rp25	25,00
449	1	-Rp25	25,00
450	1	-Rp25	25,00
451	1	-Rp25	25,00
452	1	-Rp25	25,00
453	1	-Rp26	25,00
454	1	-Rp26	25,00
455	1	-Rp27	26,00
456	1	-Rp27	26,00
457	1	-Rp27	26,00
458	1	-Rp27	26,00
459	1	-Rp27	26,00
460	1	-Rp27	26,00
461	1	-Rp27	27,00
462	1	-Rp27	27,00
463	1	-Rp27	27,00
464	1	-Rp27	27,00
465	1	-Rp28	27,00
466	1	-Rp28	27,00
467	1	-Rp28	27,00
468	1	-Rp28	28,00
469	1	-Rp28	28,00
470	1	-Rp28	28,00
471	1	-Rp29	28,00
472	1	-Rp29	28,00
473	1	-Rp29	28,00
474	1	-Rp29	29,00
475	1	-Rp29	29,00
476	1	-Rp29	29,00
477	1	-Rp29	29,00
478	1	-Rp29	29,00
479	1	-Rp30	29,00
480	1	-Rp30	29,00
481	1	-Rp30	29,00
482	1	-Rp30	29,00
483	1	-Rp30	30,00
484	1	-Rp30	30,00
485	1	-Rp30	30,00
486	1	-Rp31	30,00
487	1	-Rp31	30,00
488	1	-Rp31	30,00
489	1	-Rp31	31,00
490	1	-Rp31	31,00
491	1	-Rp31	31,00
492	1	-Rp31	31,00
493	1	-Rp31	31,00
494	1	-Rp31	31,00
495	1	-Rp32	31,00
496	1	-Rp32	31,00
497	1	-Rp32	31,00
498	1	-Rp32	32,00
499	1	-Rp32	32,00
500	1	-Rp32	32,00
501	1	-Rp32	32,00
502	1	-Rp32	32,00
503	1	-Rp33	32,00
504	1	-Rp33	32,00
505	1	-Rp33	32,00
506	1	-Rp33	32,00
507	1	-Rp33	32,00
508	1	-Rp33	32,00
509	1	-Rp33	33,00
510	1	-Rp33	33,00
511	1	-Rp33	33,00
512	1	-Rp33	33,00
513	1	-Rp34	33,00
514	1	-Rp34	33,00
515	1	-Rp34	33,00
516	1	-Rp34	33,00
517	1	-Rp34	34,00
518	1	-Rp35	35,00
519	1	-Rp35	35,00
520	1	-Rp36	35,00
521	1	-Rp36	35,00
522	1	-Rp36	35,00
523	1	-Rp36	35,00
524	1	-Rp36	36,00
525	1	-Rp36	36,00
526	1	-Rp36	36,00
527	1	-Rp36	36,00
528	1	-Rp37	36,00
529	1	-Rp37	36,00
530	1	-Rp37	36,00
531	1	-Rp37	36,00
532	1	-Rp37	37,00
533	1	-Rp37	37,00
534	1	-Rp37	37,00
535	1	-Rp38	37,00
536	1	-Rp38	37,00
537	1	-Rp38	38,00
538	1	-Rp38	38,00
539	1	-Rp38	38,00
540	1	-Rp38	38,00
541	1	-Rp39	38,00
542	1	-Rp40	39,00
543	1	-Rp40	39,00
544	1	-Rp40	40,00
545	1	-Rp40	40,00
546	1	-Rp40	40,00
547	1	-Rp40	40,00
548	1	-Rp41	40,00
549	1	-Rp41	41,00
550	1	-Rp42	41,00
551	1	-Rp42	41,00
552	1	-Rp42	41,00
553	1	-Rp42	42,00
554	1	-Rp42	42,00
555	1	-Rp42	42,00
556	1	-Rp42	42,00
557	1	-Rp43	42,00
558	1	-Rp43	42,00
559	1	-Rp43	42,00
560	1	-Rp43	42,00
561	1	-Rp43	42,00
562	1	-Rp43	43,00
563	1	-Rp43	43,00
564	1	-Rp43	43,00
565	1	-Rp44	43,00
566	1	-Rp44	43,00
567	1	-Rp44	43,00
568	1	-Rp44	44,00
569	1	-Rp45	44,00
570	1	-Rp45	44,00
571	1	-Rp45	44,00
572	1	-Rp45	45,00
573	1	-Rp45	45,00
574	1	-Rp45	45,00
575	1	-Rp46	46,00
576	1	-Rp46	46,00
577	1	-Rp47	46,00
578	1	-Rp47	46,00
579	1	-Rp47	47,00
580	1	-Rp47	47,00
581	1	-Rp47	47,00
582	1	-Rp47	47,00
583	1	-Rp48	47,00
584	1	-Rp48	48,00
585	1	-Rp48	48,00
586	1	-Rp48	48,00
587	1	-Rp48	48,00
588	1	-Rp48	48,00
589	1	-Rp49	48,00
590	1	-Rp49	48,00
591	1	-Rp49	49,00
592	1	-Rp50	49,00
593	1	-Rp50	50,00
594	1	-Rp51	50,00
595	1	-Rp51	50,00
596	1	-Rp51	50,00
597	1	-Rp51	51,00
598	1	-Rp52	51,00
599	1	-Rp52	51,00
600	1	-Rp52	51,00
601	1	-Rp52	51,00
602	1	-Rp52	51,00
603	1	-Rp52	51,00
604	1	-Rp52	52,00
605	1	-Rp53	52,00
606	1	-Rp53	53,00
607	1	-Rp54	53,00
608	1	-Rp54	53,00
609	1	-Rp54	54,00
610	1	-Rp54	54,00
611	1	-Rp55	54,00
612	1	-Rp55	54,00
613	1	-Rp55	54,00
614	1	-Rp55	54,00
615	1	-Rp55	55,00
616	1	-Rp56	55,00
617	1	-Rp56	55,00
618	1	-Rp56	56,00
619	1	-Rp57	56,00
620	1	-Rp57	56,00
621	1	-Rp57	56,00
622	1	-Rp57	57,00
623	1	-Rp57	57,00
624	1	-Rp57	57,00
625	1	-Rp57	57,00
626	1	-Rp58	58,00
627	1	-Rp58	58,00
628	1	-Rp59	58,00
629	1	-Rp59	58,00
630	1	-Rp59	59,00
631	1	-Rp59	59,00
632	1	-Rp59	59,00
633	1	-Rp59	59,00
634	1	-Rp60	59,00
635	1	-Rp60	59,00
636	1	-Rp60	59,00
637	1	-Rp60	59,00
638	1	-Rp60	59,00
639	1	-Rp60	60,00
640	1	-Rp60	60,00
641	1	-Rp60	60,00
642	1	-Rp61	60,00
643	1	-Rp61	60,00
644	1	-Rp61	60,00
645	1	-Rp61	60,00
646	1	-Rp61	61,00
647	1	-Rp62	61,00
648	1	-Rp62	61,00
649	1	-Rp62	62,00
650	1	-Rp63	62,00
651	1	-Rp63	63,00
652	1	-Rp64	63,00
653	1	-Rp64	63,00
654	1	-Rp64	64,00
655	1	-Rp64	64,00
656	1	-Rp64	64,00
657	1	-Rp64	64,00
658	1	-Rp65	64,00
659	1	-Rp65	65,00
660	1	-Rp66	65,00
661	1	-Rp66	65,00
662	1	-Rp66	66,00
663	1	-Rp66	66,00
664	1	-Rp67	66,00
665	1	-Rp67	66,00
666	1	-Rp67	67,00
667	1	-Rp68	67,00
668	1	-Rp68	67,00
669	1	-Rp68	67,00
670	1	-Rp68	68,00
671	1	-Rp68	68,00
672	1	-Rp68	68,00
673	1	-Rp68	68,00
674	1	-Rp69	68,00
675	1	-Rp69	69,00
676	1	-Rp70	70,00
677	1	-Rp71	70,00
678	1	-Rp71	70,00
679	1	-Rp71	70,00
680	1	-Rp71	70,00
681	1	-Rp71	71,00
682	1	-Rp71	71,00
683	1	-Rp71	71,00
684	1	-Rp71	71,00
685	1	-Rp71	71,00
686	1	-Rp71	71,00
687	1	-Rp72	71,00
688	1	-Rp73	72,00
689	1	-Rp73	72,00
690	1	-Rp74	74,00
691	1	-Rp75	74,00
692	1	-Rp75	75,00
693	1	-Rp76	75,00
694	1	-Rp76	75,00
695	1	-Rp76	75,00
696	1	-Rp76	76,00
697	1	-Rp76	76,00
698	1	-Rp76	76,00
699	1	-Rp77	76,00
700	1	-Rp77	76,00
701	1	-Rp77	76,00
702	1	-Rp77	77,00
703	1	-Rp77	77,00
704	1	-Rp78	77,00
705	1	-Rp78	78,00
706	1	-Rp79	78,00
707	1	-Rp79	78,00
708	1	-Rp79	78,00
709	1	-Rp79	78,00
710	1	-Rp79	78,00
711	1	-Rp79	79,00
712	1	-Rp79	79,00
713	1	-Rp79	79,00
714	1	-Rp79	79,00
715	1	-Rp80	79,00
716	1	-Rp80	79,00
717	1	-Rp81	80,00
718	1	-Rp81	80,00
719	1	-Rp81	81,00
720	1	-Rp82	81,00
721	1	-Rp82	81,00
722	1	-Rp82	81,00
723	1	-Rp82	82,00
724	1	-Rp82	82,00
725	1	-Rp83	82,00
726	1	-Rp83	82,00
727	1	-Rp83	82,00
728	1	-Rp83	83,00
729	1	-Rp84	83,00
730	1	-Rp84	83,00
731	1	-Rp84	83,00
732	1	-Rp84	84,00
733	1	-Rp85	84,00
734	1	-Rp85	84,00
735	1	-Rp86	85,00
736	1	-Rp86	85,00
737	1	-Rp87	86,00
738	1	-Rp87	86,00
739	1	-Rp87	87,00
740	1	-Rp88	87,00
741	1	-Rp88	88,00
742	1	-Rp89	88,00
743	1	-Rp89	89,00
744	1	-Rp89	89,00
745	1	-Rp89	89,00
746	1	-Rp90	89,00
747	1	-Rp90	89,00
748	1	-Rp90	89,00
749	1	-Rp90	89,00
750	1	-Rp90	89,00
751	1	-Rp90	89,00
752	1	-Rp90	90,00
753	1	-Rp91	90,00
754	1	-Rp91	90,00
755	1	-Rp91	90,00
756	1	-Rp91	91,00
757	1	-Rp92	92,00
758	1	-Rp93	92,00
759	1	-Rp93	92,00
760	1	-Rp93	93,00
761	1	-Rp94	93,00
762	1	-Rp94	93,00
763	1	-Rp94	93,00
764	1	-Rp94	94,00
765	1	-Rp94	94,00
766	1	-Rp94	94,00
767	1	-Rp94	94,00
768	1	-Rp95	94,00
769	1	-Rp95	94,00
770	1	-Rp95	94,00
771	1	-Rp95	94,00
772	1	-Rp95	95,00
773	1	-Rp95	95,00
774	1	-Rp96	96,00
775	1	-Rp97	96,00
776	1	-Rp97	97,00
777	1	-Rp97	97,00
778	1	-Rp97	97,00
779	1	-Rp97	97,00
780	1	-Rp98	98,00
781	1	-Rp99	98,00
782	1	-Rp99	98,00
783	1	-Rp99	99,00
784	1	-Rp99	99,00
785	1	-Rp99	99,00
786	1	-Rp100	99,00
787	1	-Rp100	10,00
788	1	-Rp101	10,00
789	1	-Rp102	10,00
790	1	-Rp102	10,00
791	1	-Rp102	10,00
792	1	-Rp103	10,00
793	1	-Rp103	10,00
794	1	-Rp103	10,00
795	1	-Rp104	10,00
796	1	-Rp105	10,00
797	1	-Rp105	10,00
798	1	-Rp105	10,00
799	1	-Rp105	10,00
800	1	-Rp105	10,00
801	1	-Rp106	10,00
802	1	-Rp106	10,00
803	1	-Rp106	10,00
804	1	-Rp106	10,00
805	1	-Rp106	10,00
806	1	-Rp107	10,00
807	1	-Rp107	10,00
808	1	-Rp107	10,00
809	1	-Rp107	10,00
810	1	-Rp108	10,00
811	1	-Rp108	10,00
812	1	-Rp109	10,00
813	1	-Rp109	10,00
814	1	-Rp111	11,00
815	1	-Rp112	11,00
816	1	-Rp112	11,00
817	1	-Rp112	11,00
818	1	-Rp113	11,00
819	1	-Rp114	11,00
820	1	-Rp114	11,00
821	1	-Rp115	11,00
822	1	-Rp115	11,00
823	1	-Rp115	11,00
824	1	-Rp115	11,00
825	1	-Rp115	11,00
826	1	-Rp117	11,00
827	1	-Rp117	11,00
828	1	-Rp118	11,00
829	1	-Rp118	11,00
830	1	-Rp118	11,00
831	1	-Rp118	11,00
832	1	-Rp118	11,00
833	1	-Rp118	11,00
834	1	-Rp118	11,00
835	1	-Rp119	11,00
836	1	-Rp119	11,00
837	1	-Rp120	11,00
838	1	-Rp120	11,00
839	1	-Rp120	11,00
840	1	-Rp120	11,00
841	1	-Rp120	12,00
842	1	-Rp120	12,00
843	1	-Rp121	12,00
844	1	-Rp121	12,00
845	1	-Rp121	12,00
846	1	-Rp122	12,00
847	1	-Rp122	12,00
848	1	-Rp122	12,00
849	1	-Rp123	12,00
850	1	-Rp123	12,00
851	1	-Rp123	12,00
852	1	-Rp123	12,00
853	1	-Rp123	12,00
854	1	-Rp123	12,00
855	1	-Rp124	12,00
856	1	-Rp125	12,00
857	1	-Rp125	12,00
858	1	-Rp126	12,00
859	1	-Rp126	12,00
860	1	-Rp126	12,00
861	1	-Rp127	12,00
862	1	-Rp127	12,00
863	1	-Rp127	12,00
864	1	-Rp128	12,00
865	1	-Rp128	12,00
866	1	-Rp128	12,00
867	1	-Rp129	12,00
868	1	-Rp129	12,00
869	1	-Rp129	12,00
870	1	-Rp129	12,00
871	1	-Rp130	12,00
872	1	-Rp130	13,00
873	1	-Rp131	13,00
874	1	-Rp133	13,00
875	1	-Rp135	13,00
876	1	-Rp135	13,00
877	1	-Rp135	13,00
878	1	-Rp136	13,00
879	1	-Rp136	13,00
880	1	-Rp136	13,00
881	1	-Rp136	13,00
882	1	-Rp136	13,00
883	1	-Rp137	13,00
884	1	-Rp138	13,00
885	1	-Rp138	13,00
886	1	-Rp138	13,00
887	1	-Rp139	13,00
888	1	-Rp139	13,00
889	1	-Rp139	13,00
890	1	-Rp140	13,00
891	1	-Rp140	13,00
892	1	-Rp140	14,00
893	1	-Rp140	14,00
894	1	-Rp141	14,00
895	1	-Rp142	14,00
896	1	-Rp142	14,00
897	1	-Rp144	14,00
898	1	-Rp144	14,00
899	1	-Rp144	14,00
900	1	-Rp144	14,00
901	1	-Rp144	14,00
902	1	-Rp147	14,00
903	1	-Rp147	14,00
904	1	-Rp147	14,00
905	1	-Rp148	14,00
906	1	-Rp148	14,00
907	1	-Rp149	14,00
908	1	-Rp149	14,00
909	1	-Rp150	14,00
910	1	-Rp150	15,00
911	1	-Rp152	15,00
912	1	-Rp152	15,00
913	1	-Rp152	15,00
914	1	-Rp153	15,00
915	1	-Rp153	15,00
916	1	-Rp153	15,00
917	1	-Rp153	15,00
918	1	-Rp153	15,00
919	1	-Rp155	15,00
920	1	-Rp155	15,00
921	1	-Rp155	15,00
922	1	-Rp156	15,00
923	1	-Rp157	15,00
924	1	-Rp157	15,00
925	1	-Rp157	15,00
926	1	-Rp157	15,00
927	1	-Rp158	15,00
928	1	-Rp158	15,00
929	1	-Rp158	15,00
930	1	-Rp159	15,00
931	1	-Rp159	15,00
932	1	-Rp159	15,00
933	1	-Rp159	15,00
934	1	-Rp160	16,00
935	1	-Rp161	16,00
936	1	-Rp161	16,00
937	1	-Rp161	16,00
938	1	-Rp161	16,00
939	1	-Rp162	16,00
940	1	-Rp162	16,00
941	1	-Rp162	16,00
942	1	-Rp163	16,00
943	1	-Rp163	16,00
944	1	-Rp163	16,00
945	1	-Rp165	16,00
946	1	-Rp165	16,00
947	1	-Rp165	16,00
948	1	-Rp166	16,00
949	1	-Rp168	16,00
950	1	-Rp168	16,00
951	1	-Rp168	16,00
952	1	-Rp169	16,00
953	1	-Rp169	16,00
954	1	-Rp169	16,00
955	1	-Rp170	16,00
956	1	-Rp170	16,00
957	1	-Rp171	17,00
958	1	-Rp172	17,00
959	1	-Rp173	17,00
960	1	-Rp174	17,00
961	1	-Rp175	17,00
962	1	-Rp176	17,00
963	1	-Rp176	17,00
964	1	-Rp178	17,00
965	1	-Rp178	17,00
966	1	-Rp178	17,00
967	1	-Rp179	17,00
968	1	-Rp180	18,00
969	1	-Rp180	18,00
970	1	-Rp181	18,00
971	1	-Rp182	18,00
972	1	-Rp182	18,00
973	1	-Rp183	18,00
974	1	-Rp183	18,00
975	1	-Rp184	18,00
976	1	-Rp184	18,00
977	1	-Rp184	18,00
978	1	-Rp186	18,00
979	1	-Rp187	18,00
980	1	-Rp187	18,00
981	1	-Rp188	18,00
982	1	-Rp188	18,00
983	1	-Rp188	18,00
984	1	-Rp189	18,00
985	1	-Rp190	19,00
986	1	-Rp190	19,00
987	1	-Rp191	19,00
988	1	-Rp192	19,00
989	1	-Rp192	19,00
990	1	-Rp193	19,00
991	1	-Rp193	19,00
992	1	-Rp194	19,00
993	1	-Rp194	19,00
994	1	-Rp196	19,00
995	1	-Rp196	19,00
996	1	-Rp196	19,00
997	1	-Rp196	19,00
998	1	-Rp198	19,00
999	1	-Rp198	19,00
1000	1	-Rp198	19,00
1001	1	-Rp198	19,00
1002	1	-Rp199	19,00
1003	1	-Rp199	19,00
1004	1	-Rp199	19,00
1005	1	-Rp199	19,00
1006	1	-Rp200	20,00
1007	1	-Rp201	20,00
1008	1	-Rp202	20,00
1009	1	-Rp202	20,00
1010	1	-Rp202	20,00
1011	1	-Rp206	20,00
1012	1	-Rp207	20,00
1013	1	-Rp207	20,00
1014	1	-Rp208	20,00
1015	1	-Rp209	20,00
1016	1	-Rp210	20,00
1017	1	-Rp212	21,00
1018	1	-Rp213	21,00
1019	1	-Rp213	21,00
1020	1	-Rp213	21,00
1021	1	-Rp214	21,00
1022	1	-Rp214	21,00
1023	1	-Rp214	21,00
1024	1	-Rp214	21,00
1025	1	-Rp214	21,00
1026	1	-Rp215	21,00
1027	1	-Rp215	21,00
1028	1	-Rp216	21,00
1029	1	-Rp217	21,00
1030	1	-Rp218	21,00
1031	1	-Rp219	21,00
1032	1	-Rp219	21,00
1033	1	-Rp220	21,00
1034	1	-Rp220	22,00
1035	1	-Rp221	22,00
1036	1	-Rp222	22,00
1037	1	-Rp224	22,00
1038	1	-Rp225	22,00
1039	1	-Rp226	22,00
1040	1	-Rp226	22,00
1041	1	-Rp227	22,00
1042	1	-Rp228	22,00
1043	1	-Rp229	22,00
1044	1	-Rp230	23,00
1045	1	-Rp230	23,00
1046	1	-Rp230	23,00
1047	1	-Rp232	23,00
1048	1	-Rp233	23,00
1049	1	-Rp233	23,00
1050	1	-Rp235	23,00
1051	1	-Rp236	23,00
1052	1	-Rp236	23,00
1053	1	-Rp237	23,00
1054	1	-Rp237	23,00
1055	1	-Rp239	23,00
1056	1	-Rp239	23,00
1057	1	-Rp240	23,00
1058	1	-Rp241	24,00
1059	1	-Rp242	24,00
1060	1	-Rp242	24,00
1061	1	-Rp244	24,00
1062	1	-Rp245	24,00
1063	1	-Rp247	24,00
1064	1	-Rp247	24,00
1065	1	-Rp247	24,00
1066	1	-Rp250	25,00
1067	1	-Rp252	25,00
1068	1	-Rp252	25,00
1069	1	-Rp252	25,00
1070	1	-Rp253	25,00
1071	1	-Rp253	25,00
1072	1	-Rp254	25,00
1073	1	-Rp257	25,00
1074	1	-Rp257	25,00
1075	1	-Rp259	25,00
1076	1	-Rp259	25,00
1077	1	-Rp260	25,00
1078	1	-Rp260	26,00
1079	1	-Rp262	26,00
1080	1	-Rp264	26,00
1081	1	-Rp265	26,00
1082	1	-Rp265	26,00
1083	1	-Rp266	26,00
1084	1	-Rp268	26,00
1085	1	-Rp268	26,00
1086	1	-Rp268	26,00
1087	1	-Rp270	27,00
1088	1	-Rp273	27,00
1089	1	-Rp276	27,00
1090	1	-Rp277	27,00
1091	1	-Rp280	27,00
1092	1	-Rp280	28,00
1093	1	-Rp281	28,00
1094	1	-Rp283	28,00
1095	1	-Rp284	28,00
1096	1	-Rp284	28,00
1097	1	-Rp284	28,00
1098	1	-Rp285	28,00
1099	1	-Rp287	28,00
1100	1	-Rp289	28,00
1101	1	-Rp293	29,00
1102	1	-Rp295	29,00
1103	1	-Rp299	29,00
1104	1	-Rp299	29,00
1105	1	-Rp300	29,00
1106	1	-Rp301	30,00
1107	1	-Rp301	30,00
1108	1	-Rp302	30,00
1109	1	-Rp302	30,00
1110	1	-Rp302	30,00
1111	1	-Rp303	30,00
1112	1	-Rp304	30,00
1113	1	-Rp307	30,00
1114	1	-Rp308	30,00
1115	1	-Rp311	31,00
1116	1	-Rp312	31,00
1117	1	-Rp312	31,00
1118	1	-Rp315	31,00
1119	1	-Rp315	31,00
1120	1	-Rp316	31,00
1121	1	-Rp318	31,00
1122	1	-Rp318	31,00
1123	1	-Rp319	31,00
1124	1	-Rp322	32,00
1125	1	-Rp324	32,00
1126	1	-Rp325	32,00
1127	1	-Rp326	32,00
1128	1	-Rp326	32,00
1129	1	-Rp326	32,00
1130	1	-Rp327	32,00
1131	1	-Rp327	32,00
1132	1	-Rp328	32,00
1133	1	-Rp330	32,00
1134	1	-Rp330	33,00
1135	1	-Rp332	33,00
1136	1	-Rp332	33,00
1137	1	-Rp333	33,00
1138	1	-Rp334	33,00
1139	1	-Rp334	33,00
1140	1	-Rp335	33,00
1141	1	-Rp338	33,00
1142	1	-Rp341	34,00
1143	1	-Rp343	34,00
1144	1	-Rp344	34,00
1145	1	-Rp344	34,00
1146	1	-Rp345	34,00
1147	1	-Rp345	34,00
1148	1	-Rp346	34,00
1149	1	-Rp350	34,00
1150	1	-Rp350	35,00
1151	1	-Rp351	35,00
1152	1	-Rp352	35,00
1153	1	-Rp352	35,00
1154	1	-Rp354	35,00
1155	1	-Rp355	35,00
1156	1	-Rp355	35,00
1157	1	-Rp356	35,00
1158	1	-Rp358	35,00
1159	1	-Rp358	35,00
1160	1	-Rp360	35,00
1161	1	-Rp360	35,00
1162	1	-Rp363	36,00
1163	1	-Rp363	36,00
1164	1	-Rp367	36,00
1165	1	-Rp372	37,00
1166	1	-Rp374	37,00
1167	1	-Rp376	37,00
1168	1	-Rp377	37,00
1169	1	-Rp378	37,00
1170	1	-Rp380	37,00
1171	1	-Rp380	38,00
1172	1	-Rp381	38,00
1173	1	-Rp384	38,00
1174	1	-Rp386	38,00
1175	1	-Rp387	38,00
1176	1	-Rp389	38,00
1177	1	-Rp391	39,00
1178	1	-Rp391	39,00
1179	1	-Rp394	39,00
1180	1	-Rp396	39,00
1181	1	-Rp396	39,00
1182	1	-Rp397	39,00
1183	1	-Rp398	39,00
1184	1	-Rp399	39,00
1185	1	-Rp399	39,00
1186	1	-Rp403	40,00
1187	1	-Rp403	40,00
1188	1	-Rp406	40,00
1189	1	-Rp406	40,00
1190	1	-Rp407	40,00
1191	1	-Rp407	40,00
1192	1	-Rp409	40,00
1193	1	-Rp409	40,00
1194	1	-Rp410	41,00
1195	1	-Rp410	41,00
1196	1	-Rp412	41,00
1197	1	-Rp416	41,00
1198	1	-Rp417	41,00
1199	1	-Rp417	41,00
1200	1	-Rp418	41,00
1201	1	-Rp424	42,00
1202	1	-Rp425	42,00
1203	1	-Rp425	42,00
1204	1	-Rp427	42,00
1205	1	-Rp429	42,00
1206	1	-Rp430	42,00
1207	1	-Rp430	42,00
1208	1	-Rp432	43,00
1209	1	-Rp432	43,00
1210	1	-Rp435	43,00
1211	1	-Rp437	43,00
1212	1	-Rp437	43,00
1213	1	-Rp437	43,00
1214	1	-Rp441	44,00
1215	1	-Rp443	44,00
1216	1	-Rp447	44,00
1217	1	-Rp447	44,00
1218	1	-Rp448	44,00
1219	1	-Rp449	44,00
1220	1	-Rp451	45,00
1221	1	-Rp452	45,00
1222	1	-Rp457	45,00
1223	1	-Rp457	45,00
1224	1	-Rp461	46,00
1225	1	-Rp463	46,00
1226	1	-Rp466	46,00
1227	1	-Rp470	47,00
1228	1	-Rp471	47,00
1229	1	-Rp472	47,00
1230	1	-Rp475	47,00
1231	1	-Rp476	47,00
1232	1	-Rp477	47,00
1233	1	-Rp480	47,00
1234	1	-Rp482	48,00
1235	1	-Rp482	48,00
1236	1	-Rp483	48,00
1237	1	-Rp483	48,00
1238	1	-Rp484	48,00
1239	1	-Rp485	48,00
1240	1	-Rp486	48,00
1241	1	-Rp489	48,00
1242	1	-Rp490	49,00
1243	1	-Rp491	49,00
1244	1	-Rp495	49,00
1245	1	-Rp495	49,00
1246	1	-Rp498	49,00
1247	1	-Rp498	49,00
1248	1	-Rp498	49,00
1249	1	-Rp499	49,00
1250	1	-Rp500	49,00
1251	1	-Rp500	50,00
1252	1	-Rp501	50,00
1253	1	-Rp504	50,00
1254	1	-Rp505	50,00
1255	1	-Rp506	50,00
1256	1	-Rp514	51,00
1257	1	-Rp515	51,00
1258	1	-Rp515	51,00
1259	1	-Rp516	51,00
1260	1	-Rp518	51,00
1261	1	-Rp519	51,00
1262	1	-Rp523	52,00
1263	1	-Rp527	52,00
1264	1	-Rp527	52,00
1265	1	-Rp532	53,00
1266	1	-Rp534	53,00
1267	1	-Rp534	53,00
1268	1	-Rp535	53,00
1269	1	-Rp535	53,00
1270	1	-Rp537	53,00
1271	1	-Rp538	53,00
1272	1	-Rp538	53,00
1273	1	-Rp540	53,00
1274	1	-Rp540	54,00
1275	1	-Rp557	55,00
1276	1	-Rp563	56,00
1277	1	-Rp564	56,00
1278	1	-Rp567	56,00
1279	1	-Rp574	57,00
1280	1	-Rp577	57,00
1281	1	-Rp588	58,00
1282	1	-Rp590	58,00
1283	1	-Rp590	58,00
1284	1	-Rp591	59,00
1285	1	-Rp596	59,00
1286	1	-Rp600	59,00
1287	1	-Rp602	60,00
1288	1	-Rp604	60,00
1289	1	-Rp606	60,00
1290	1	-Rp607	60,00
1291	1	-Rp608	60,00
1292	1	-Rp611	61,00
1293	1	-Rp614	61,00
1294	1	-Rp614	61,00
1295	1	-Rp618	61,00
1296	1	-Rp623	62,00
1297	1	-Rp626	62,00
1298	1	-Rp627	62,00
1299	1	-Rp629	62,00
1300	1	-Rp629	62,00
1301	1	-Rp631	63,00
1302	1	-Rp636	63,00
1303	1	-Rp638	63,00
1304	1	-Rp640	64,00
1305	1	-Rp647	64,00
1306	1	-Rp648	64,00
1307	1	-Rp649	64,00
1308	1	-Rp649	64,00
1309	1	-Rp658	65,00
1310	1	-Rp659	65,00
1311	1	-Rp659	65,00
1312	1	-Rp667	66,00
1313	1	-Rp672	67,00
1314	1	-Rp675	67,00
1315	1	-Rp675	67,00
1316	1	-Rp676	67,00
1317	1	-Rp676	67,00
1318	1	-Rp677	67,00
1319	1	-Rp678	67,00
1320	1	-Rp683	68,00
1321	1	-Rp687	68,00
1322	1	-Rp690	69,00
1323	1	-Rp693	69,00
1324	1	-Rp699	69,00
1325	1	-Rp700	70,00
1326	1	-Rp706	70,00
1327	1	-Rp707	70,00
1328	1	-Rp709	70,00
1329	1	-Rp711	71,00
1330	1	-Rp711	71,00
1331	1	-Rp712	71,00
1332	1	-Rp713	71,00
1333	1	-Rp720	71,00
1334	1	-Rp734	73,00
1335	1	-Rp737	73,00
1336	1	-Rp767	76,00
1337	1	-Rp767	76,00
1338	1	-Rp773	77,00
1339	1	-Rp773	77,00
1340	1	-Rp773	77,00
1341	1	-Rp774	77,00
1342	1	-Rp779	77,00
1343	1	-Rp780	78,00
1344	1	-Rp788	78,00
1345	1	-Rp789	78,00
1346	1	-Rp792	79,00
1347	1	-Rp796	79,00
1348	1	-Rp800	79,00
1349	1	-Rp801	80,00
1350	1	-Rp801	80,00
1351	1	-Rp809	80,00
1352	1	-Rp816	81,00
1353	1	-Rp816	81,00
1354	1	-Rp819	81,00
1355	1	-Rp823	82,00
1356	1	-Rp823	82,00
1357	1	-Rp828	82,00
1358	1	-Rp835	83,00
1359	1	-Rp835	83,00
1360	1	-Rp838	83,00
1361	1	-Rp839	83,00
1362	1	-Rp846	84,00
1363	1	-Rp848	84,00
1364	1	-Rp856	85,00
1365	1	-Rp859	85,00
1366	1	-Rp860	86,00
1367	1	-Rp869	86,00
1368	1	-Rp870	86,00
1369	1	-Rp878	87,00
1370	1	-Rp880	88,00
1371	1	-Rp883	88,00
1372	1	-Rp892	89,00
1373	1	-Rp896	89,00
1374	1	-Rp900	89,00
1375	1	-Rp901	90,00
1376	1	-Rp902	90,00
1377	1	-Rp911	91,00
1378	1	-Rp916	91,00
1379	1	-Rp923	92,00
1380	1	-Rp923	92,00
1381	1	-Rp925	92,00
1382	1	-Rp929	92,00
1383	1	-Rp932	93,00
1384	1	-Rp933	93,00
1385	1	-Rp934	93,00
1386	1	-Rp944	94,00
1387	1	-Rp944	94,00
1388	1	-Rp945	94,00
1389	1	-Rp945	94,00
1390	1	-Rp950	95,00
1391	1	-Rp954	95,00
1392	1	-Rp965	96,00
1393	1	-Rp967	96,00
1394	1	-Rp967	96,00
1395	1	-Rp971	97,00
1396	1	-Rp978	97,00
1397	1	-Rp978	97,00
1398	1	-Rp994	99,00
1399	1	-Rp994	99,00
1400	1	-Rp997	99,00
1401	1	-Rp1000	10,00
1402	1	-Rp1002	10,00
1403	1	-Rp1014	10,00
1404	1	-Rp1014	10,00
1405	1	-Rp1018	10,00
1406	1	-Rp1021	10,00
1407	1	-Rp1024	10,00
1408	1	-Rp1024	10,00
1409	1	-Rp1035	10,00
1410	1	-Rp1049	10,00
1411	1	-Rp1049	10,00
1412	1	-Rp1050	10,00
1413	1	-Rp1050	10,00
1414	1	-Rp1054	10,00
1415	1	-Rp1059	10,00
1416	1	-Rp1063	10,00
1417	1	-Rp1080	10,00
1418	1	-Rp1081	10,00
1419	1	-Rp1082	10,00
1420	1	-Rp1083	10,00
1421	1	-Rp1085	10,00
1422	1	-Rp1100	11,00
1423	1	-Rp1103	11,00
1424	1	-Rp1109	11,00
1425	1	-Rp1126	11,00
1426	1	-Rp1131	11,00
1427	1	-Rp1133	11,00
1428	1	-Rp1157	11,00
1429	1	-Rp1170	11,00
1430	1	-Rp1180	11,00
1431	1	-Rp1192	11,00
1432	1	-Rp1193	11,00
1433	1	-Rp1194	11,00
1434	1	-Rp1197	11,00
1435	1	-Rp1200	12,00
1436	1	-Rp1201	12,00
1437	1	-Rp1216	12,00
1438	1	-Rp1228	12,00
1439	1	-Rp1231	12,00
1440	1	-Rp1234	12,00
1441	1	-Rp1239	12,00
1442	1	-Rp1250	12,00
1443	1	-Rp1260	12,00
1444	1	-Rp1273	12,00
1445	1	-Rp1288	12,00
1446	1	-Rp1295	12,00
1447	1	-Rp1297	12,00
1448	1	-Rp1299	12,00
1449	1	-Rp1303	13,00
1450	1	-Rp1317	13,00
1451	1	-Rp1323	13,00
1452	1	-Rp1324	13,00
1453	1	-Rp1328	13,00
1454	1	-Rp1348	13,00
1455	1	-Rp1348	13,00
1456	1	-Rp1356	13,00
1457	1	-Rp1364	13,00
1458	1	-Rp1364	13,00
1459	1	-Rp1371	13,00
1460	1	-Rp1389	13,00
1461	1	-Rp1393	13,00
1462	1	-Rp1398	13,00
1463	1	-Rp1400	14,00
1464	1	-Rp1404	14,00
1465	1	-Rp1430	14,00
1466	1	-Rp1438	14,00
1467	1	-Rp1438	14,00
1468	1	-Rp1446	14,00
1469	1	-Rp1454	14,00
1470	1	-Rp1465	14,00
1471	1	-Rp1467	14,00
1472	1	-Rp1472	14,00
1473	1	-Rp1490	14,00
1474	1	-Rp1530	15,00
1475	1	-Rp1538	15,00
1476	1	-Rp1545	15,00
1477	1	-Rp1555	15,00
1478	1	-Rp1569	15,00
1479	1	-Rp1576	15,00
1480	1	-Rp1581	15,00
1481	1	-Rp1582	15,00
1482	1	-Rp1602	16,00
1483	1	-Rp1609	16,00
1484	1	-Rp1625	16,00
1485	1	-Rp1645	16,00
1486	1	-Rp1650	16,00
1487	1	-Rp1654	16,00
1488	1	-Rp1701	17,00
1489	1	-Rp1701	17,00
1490	1	-Rp1710	17,00
1491	1	-Rp1713	17,00
1492	1	-Rp1757	17,00
1493	1	-Rp1764	17,00
1494	1	-Rp1771	17,00
1495	1	-Rp1798	17,00
1496	1	-Rp1820	18,00
1497	1	-Rp1821	18,00
1498	1	-Rp1890	18,00
1499	1	-Rp1908	19,00
1500	1	-Rp1913	19,00
1501	1	-Rp1921	19,00
1502	1	-Rp1966	19,00
1503	1	-Rp1970	19,00
1504	1	-Rp1991	19,00
1505	1	-Rp2040	20,00
1506	1	-Rp2059	20,00
1507	1	-Rp2059	20,00
1508	1	-Rp2070	20,00
1509	1	-Rp2098	20,00
1510	1	-Rp2133	21,00
1511	1	-Rp2152	21,00
1512	1	-Rp2157	21,00
1513	1	-Rp2161	21,00
1514	1	-Rp2201	22,00
1515	1	-Rp2230	22,00
1516	1	-Rp2236	22,00
1517	1	-Rp2246	22,00
1518	1	-Rp2250	22,00
1519	1	-Rp2256	22,00
1520	1	-Rp2396	23,00
1521	1	-Rp2438	24,00
1522	1	-Rp2444	24,00
1523	1	-Rp2465	24,00
1524	1	-Rp2475	24,00
1525	1	-Rp2496	24,00
1526	1	-Rp2516	25,00
1527	1	-Rp2517	25,00
1528	1	-Rp2549	25,00
1529	1	-Rp2596	25,00
1530	1	-Rp2623	26,00
1531	1	-Rp2629	26,00
1532	1	-Rp2632	26,00
1533	1	-Rp2636	26,00
1534	1	-Rp2645	26,00
1535	1	-Rp2660	26,00
1536	1	-Rp2725	27,00
1537	1	-Rp2765	27,00
1538	1	-Rp2870	28,00
1539	1	-Rp2879	28,00
1540	1	-Rp2983	29,00
1541	1	-Rp3122	31,00
1542	1	-Rp3128	31,00
1543	1	-Rp3137	31,00
1544	1	-Rp3156	31,00
1545	1	-Rp3230	32,00
1546	1	-Rp3250	32,00
1547	1	-Rp3652	36,00
1548	1	-Rp3653	36,00
1549	1	-Rp3654	36,00
1550	1	-Rp3721	37,00
1551	1	-Rp3730	37,00
1552	1	-Rp3795	37,00
1553	1	-Rp3830	38,00
1554	1	-Rp3942	39,00
1555	1	-Rp4021	40,00
1556	1	-Rp4114	41,00
1557	1	-Rp4217	42,00
1558	1	-Rp4247	42,00
1559	1	-Rp4290	42,00
1560	1	-Rp4405	44,00
1561	1	-Rp4499	44,00
1562	1	-Rp4882	48,00
1563	1	-Rp4947	49,00
1564	1	-Rp5159	51,00
1565	1	-Rp5325	53,00
1566	1	-Rp5781	57,00
1567	1	-Rp5878	58,00
1568	1	-Rp5940	59,00
1569	1	-Rp5960	59,00
1570	1	-Rp6034	60,00
1571	1	-Rp6206	62,00
1572	1	-Rp6499	64,00
1573	1	-Rp6587	65,00
1574	1	-Rp6820	68,00
1575	1	-Rp6951	69,00
1576	1	-Rp7781	77,00
1577	1	-Rp8000	80,00
1578	1	-Rp8370	83,00
1579	1	-Rp9054	90,00
1580	1	-Rp10076	10,00
1581	1	-Rp10200	10,00
1582	1	-Rp10707	10,00
1583	1	-Rp11463	11,00
1584	1	-Rp12581	12,00
1585	1	-Rp13638	13,00
1586	1	-Rp14393	14,00
1587	1	-Rp15678	15,00
1588	1	-Rp17311	17,00
1589	1	-Rp22034	22,00
1590	1	-Rp23659	23,00
1591	1	-Rp24671	24,00
1592	1	-Rp38139	38,00
1593	1	-Rp71388	71,00
